4997 2612 87 52
2612
7911
8663
7925
1996
185
7062
2261
5785
9436
554
7997
6487
3097
9894
5677
7840
3793
2140
9826
3556
7786
8787
9640
9487
8359
3546
5770
3770
7998
8585
7590
5002
2225
5153
5936
715
3111
7745
5877
1830
81
2748
7022
6372
1841
8760
2735
8930
7322
8239
3697
7404
4262
2788
5194
2640
768
9163
7439
670
2326
3096
7792
8881
4563
150
4152
4439
844
3210
2597
3377
2545
4137
9191
3095
5302
35
4891
7854
102
4596
998
6079
7851
3628
6904
4587
844
5068
8244
8941
7268
2307
4484
9858
2029
4222
2380
2138
9095
5736
8035
4819
5992
6039
8462
7243
5183
6276
5872
9315
6991
8460
3599
7038
4760
8255
5874
9717
5245
3774
6563
5711
2041
8587
2238
483
3088
8229
1490
4682
3534
5381
895
7911
8850
4490
6867
3651
4617
4894
366
7300
7808
8604
9802
1108
4860
5069
5787
4600
3169
7330
2424
5853
43
1186
5808
1519
5717
6776
557
7725
4105
5926
7061
7841
9694
7128
7067
3553
6705
6990
3333
5890
8687
6553
7554
5839
6724
6580
2530
4786
7463
2480
4921
8998
1996
1914
3387
7358
8069
7077
4022
1422
2720
9349
391
266
2286
124
1137
4945
4939
4409
5394
907
9621
2128
6252
1589
9262
733
7346
8132
2178
6197
273
2891
9716
3890
5470
6817
1668
6722
4464
8408
2334
250
5886
5803
6313
8965
6822
3547
9783
6594
5119
7080
2344
6637
6200
6595
5688
4411
3410
3695
5987
4434
6001
9658
8750
4413
4119
8549
2464
4227
7846
3106
7715
3797
9340
1325
7460
3355
4538
6754
8642
409
1813
2159
8584
4783
5072
116
2492
1379
3213
4125
8647
7955
9056
3931
9771
5049
9891
9648
6687
8019
9259
8468
2210
4037
5320
2291
3661
4802
3256
2711
6255
3463
5731
7361
3238
7709
4207
4579
2220
2982
1631
8163
1991
3294
580
4305
6153
4125
401
7678
4472
662
2646
5390
2800
1585
6320
3053
3291
727
9423
8232
7250
1548
4892
940
2375
9914
2424
3214
8046
2270
712
9695
1364
8899
3276
2245
1738
7212
3041
9636
5801
7470
4613
9008
2984
4111
7282
7807
1789
7840
6967
8183
2316
3365
1194
8803
1126
5495
5395
2716
5380
3275
2011
2960
7195
7521
983
1145
5791
1412
9158
3869
7998
9287
3558
6505
594
6708
2799
6058
1069
7875
7794
9948
1592
6255
6562
6957
1929
2663
7343
5575
621
7158
5365
910
5754
1125
9748
10
5501
2737
1722
5553
4169
9369
9427
3657
7382
1753
29
7842
5629
9194
7870
9133
7689
109
6479
7983
5119
850
1216
2409
7874
982
985
1616
8238
4006
5080
6009
8417
2411
2141
1288
4116
9517
5842
720
3276
9713
9894
74
7486
9137
4099
715
6367
1644
6146
3026
6007
9971
2176
5209
2300
9143
6321
6604
5422
5885
86
431
5208
283
9030
9586
7979
4463
663
3765
5274
9473
8945
7492
5026
8171
7798
5206
4982
3990
4174
6342
4738
6313
2122
4482
3387
1869
2481
9340
9616
98
2992
6407
2442
1529
7222
6425
3480
9616
4635
1956
9806
9569
7562
3785
3811
4970
3944
6398
8906
2445
4839
8419
8850
3796
9435
1691
8817
893
855
5359
15
8534
6992
4693
2713
1725
9842
9
7459
1213
7084
9149
2796
6158
2484
7566
7767
8987
9927
7163
2447
1161
6473
3224
9005
7152
3425
4781
8707
9920
8130
3175
5773
6150
9458
2560
8876
6914
3310
4082
8331
1940
9890
5192
8569
48
4504
6650
4333
3261
8273
3130
4176
2585
1508
1011
9836
443
5330
8981
4119
2925
6721
737
7511
8587
8176
6709
3395
1792
3299
4760
740
7501
2504
5106
8103
6613
5096
7432
4317
5886
7886
2628
1629
3266
9589
1140
6692
9217
1711
5102
5358
8824
2519
4816
9954
4144
5043
2451
7403
2357
3114
3049
6130
6015
865
7587
503
1038
3394
6043
1601
2841
2459
3120
2061
9865
2621
5776
1111
2329
6235
435
5290
2493
2527
8492
4548
4081
7987
952
1498
7069
3271
1726
5352
5163
6742
1549
3171
516
5821
549
9688
3195
4960
1747
295
1550
6798
7677
3344
6481
1554
717
9174
2941
4652
8624
5719
5555
3515
2876
4665
6161
3704
6924
125
1293
4390
4776
6624
8022
5795
693
7721
5348
6368
9370
8433
3883
350
1708
3715
5404
1070
3113
4588
6083
1542
4494
5821
6835
7335
1248
9993
2776
6505
3608
2290
5502
9768
1995
8484
6708
408
3087
9740
7666
8725
5323
2916
9974
6725
4598
7060
2162
9020
7928
5695
1145
6181
8358
9321
77
3526
6185
169
6786
1417
5757
6156
5653
8035
507
4015
6470
6315
9417
20
2400
3972
3387
4628
8868
8121
5642
6472
7984
2648
4349
2661
2925
6052
1362
452
5357
3850
1067
8523
9200
9920
3044
6290
519
9783
8480
6836
2600
1902
4312
703
2162
8003
3662
5347
8023
3300
6145
8542
3683
8274
7046
9126
9385
9240
2662
7589
9694
9867
2457
9028
5896
5380
9059
8413
1394
4308
6850
1474
2461
6586
7809
1161
6811
7890
2749
2971
4684
4685
5882
6479
3619
2432
5332
738
7882
1103
2389
9963
6927
251
4934
3482
7687
9974
7923
3031
268
1087
800
9870
2443
7095
5646
4560
2098
1790
3679
8202
7787
4425
466
6076
4058
141
1804
9146
473
5492
7585
6334
3645
1088
9664
5316
8947
8336
2168
1684
6369
1509
3919
3901
8322
5022
3311
6532
3218
9444
727
996
8355
5248
4381
6913
8612
2014
8307
1958
695
2438
7923
2507
8823
1716
2328
9670
5564
6415
667
7622
3716
4173
7258
443
5061
1364
4423
3752
6355
7531
1045
2535
1128
2933
946
6614
9515
1418
1302
3447
5358
8415
1955
2431
3555
9448
4629
5935
841
9438
9388
4239
4358
3969
5998
3378
6596
4839
8910
7223
9574
6234
4221
2269
7626
1742
4917
9335
5419
5463
8464
5866
8070
2306
3725
2993
1335
3514
1842
7588
538
2490
1511
733
9054
5531
1027
1333
7485
7788
6590
1022
5537
891
3891
8484
1398
6910
5035
7565
21
6828
5217
1149
2792
3496
5559
8519
8753
1966
8355
643
1432
5228
7575
3305
6500
5829
9609
3494
194
7491
5108
7916
7726
8004
6516
8124
8694
9238
6711
1602
6662
5020
1157
614
391
8533
2387
4432
1322
4876
140
4276
2291
112
8373
535
4811
5290
692
3785
2123
5700
1629
5469
3655
1577
8412
8506
2594
6321
5278
8956
1107
8260
3332
5926
6722
4414
6897
6550
8640
4071
6162
7387
7497
6374
8033
8083
5829
2754
7033
6245
5665
1345
1106
5134
5080
7945
7562
7543
5700
8737
2187
6731
6420
7675
4365
5916
8107
9889
6331
2749
6334
7354
1824
5941
3527
7301
521
4787
1252
7988
759
2699
7947
9913
1083
4533
3275
1679
4633
3353
4336
2599
3950
1171
96
1684
6216
6695
6135
8477
9192
1535
1355
7222
3053
1453
5518
3878
8153
7608
9333
1513
1439
1197
9213
7431
7895
4867
407
5379
3722
9942
9489
2533
1396
1047
3313
2067
1072
1163
5856
553
471
8817
2696
3099
2797
588
2225
4553
3795
2692
6750
491
1025
1000
8929
4460
163
4827
3725
6633
3210
7715
4559
2272
7030
4686
4979
9194
3615
9981
4809
2702
5915
4624
8454
8123
4021
781
2147
4515
8731
1441
358
1405
1422
5688
843
1076
5108
4167
2482
7440
754
5562
9808
7058
7647
5883
9706
3806
9840
5722
9683
7965
7800
1834
1997
9609
5584
4688
3604
5670
84
5745
2543
4398
7835
3305
4730
1481
8462
7407
7811
4556
8711
6140
9878
9389
7064
776
6743
6496
8540
7167
4622
1942
3361
8690
3404
4141
4387
3860
1060
8121
3903
1560
5483
9602
7604
4649
380
3503
7006
2923
2680
6104
4978
4019
964
1038
6481
7189
4924
417
1451
3122
2264
2347
8851
6922
7309
7078
8691
5678
8620
9807
9255
2225
6604
770
9780
235
9863
2227
6751
90
5064
4783
8189
6019
1960
5561
8577
7985
3771
4853
7714
9026
6129
3214
7562
5969
4815
8172
6932
5606
2859
4647
3485
8613
7804
9197
6905
4325
3734
1450
3434
9318
9674
6844
9746
6011
3614
6248
8059
9714
5952
6602
1331
4023
8511
9071
3641
7366
6246
4977
3657
7335
7410
3924
7836
4691
8698
5158
5836
5769
3912
8958
1179
9931
9549
8445
3788
2181
2411
2233
8694
208
8221
5286
8368
2780
4016
5570
7643
5453
9389
1206
8011
5404
1276
9761
412
574
5215
1480
4911
7068
9384
7252
8594
3383
1630
4317
736
7837
2468
6576
5647
7
8490
928
5120
5073
434
1974
5017
4289
2891
970
9158
8999
2798
881
1662
2256
1646
3174
6416
513
6303
3362
9506
737
5528
1611
5838
7930
1650
2722
1282
974
7200
8399
167
5328
3168
4303
540
193
8023
56
2263
5699
6177
9129
7407
681
4970
2873
3937
1041
2330
7917
3280
2558
486
1141
3005
840
509
5333
2284
3315
7645
4417
2998
7048
4401
4568
7019
6997
2908
1857
9540
9179
6907
6171
9009
9097
8361
370
7758
1679
7385
4484
3741
4848
6885
6017
2125
4469
1668
3435
567
2166
7881
9301
851
5741
9858
4654
6246
1446
8616
4585
4863
4935
8116
6775
3446
6865
6826
1950
3180
968
8064
5130
9803
2565
185
5911
3697
9752
2228
8504
7270
2260
5815
3819
482
8745
6290
9090
4495
9984
8269
9727
2504
8869
333
9392
5938
4231
9825
33
7888
9034
3430
5191
5765
9724
8479
8526
3305
4137
5135
7156
9743
3940
9269
6749
6808
5838
7179
5699
227
8239
7499
9595
4466
2991
1525
3777
5487
6243
1107
667
5682
7038
4642
276
6638
8464
4365
4976
4207
5960
6917
1770
6680
6679
4753
7333
5576
1426
5321
7163
7213
6241
8443
2039
4106
8791
6365
9319
8468
5830
6617
9844
234
9567
147
1739
874
7316
2527
4399
7571
7196
832
8963
3122
2951
939
5573
3961
2600
6332
8867
3025
5225
2409
7732
7922
5071
5488
8157
9507
4955
8029
1393
1607
1561
9169
2867
8138
7297
1767
2298
7860
3839
6779
265
8584
5333
3483
1513
8142
4968
7240
976
5887
3352
9349
6829
4176
1682
8806
4208
4692
336
3277
9677
8326
9340
241
7150
3459
3057
1136
76
5286
2607
8152
6843
1845
573
6618
7674
1308
2225
8303
2592
1140
8410
979
8987
6957
5432
7266
5457
8143
833
7433
9413
2457
1808
9690
2888
9003
1615
6600
7769
9092
4812
3260
9368
9432
1863
3361
178
5583
2709
9682
5474
421
182
4591
338
6165
157
2137
2133
1524
682
2619
1706
3890
2745
7496
4611
5945
8492
7529
7164
9425
6478
9539
7428
7483
5587
1277
657
4211
3365
4273
5424
2784
1937
4140
4123
293
8313
4630
3497
8712
1073
5677
8071
2919
3153
7239
1390
3366
9546
6544
8316
1842
2863
5745
9805
8758
8132
7556
8841
2228
2752
3938
8077
5099
7160
3460
9096
1353
4582
1909
5072
4993
1289
1787
7647
2434
982
9263
8268
2315
2688
2248
3704
3077
2053
7228
1492
962
614
6217
4843
3666
2957
6900
6729
8111
7244
7725
1241
1804
1887
4940
2775
5390
901
8991
4402
6868
6227
5170
8897
8867
5524
300
5427
5420
7686
8126
6240
3482
4658
3175
3927
3445
1323
1866
1133
3179
1548
2388
571
9141
4160
5571
5694
9977
1714
4929
1795
9814
1988
4762
1348
8524
3687
7055
545
7943
5604
9625
5453
8247
7587
6182
7504
2720
6640
1049
301
4101
3701
1248
3491
1808
8293
5592
8275
7691
9480
6940
1126
4358
2680
338
2187
1553
3532
4566
1184
9016
8526
6947
5983
1509
6531
95
5952
7036
6466
2849
1506
5077
6760
8447
5422
2414
565
1791
4756
3837
2649
2182
5814
2245
2919
1645
4742
9363
9841
9492
965
4214
3266
5174
2603
2114
5655
3039
2646
2390
2564
5737
5374
7494
1367
1032
5778
367
5074
6124
3268
508
193
8698
9622
8530
8291
9846
501
8934
5997
4213
170
790
8575
6515
364
8420
5095
2736
727
5555
1171
2620
2942
2030
6975
3490
323
5130
1421
6839
6506
4499
8930
1128
8662
905
6680
3116
1301
8862
7356
1588
8334
5320
1858
4742
2565
3025
7613
8703
194
1905
7921
6479
1001
3307
9798
3652
4245
9533
469
269
6747
1979
8703
6910
3106
4361
6044
1369
9915
5061
4907
4666
6088
7929
4984
4725
7941
3557
6366
7608
382
5981
6362
533
8561
2714
7301
5217
6877
3485
7039
6267
6908
1676
7037
2369
1232
5238
1040
1797
2050
3759
7298
7616
7476
6060
7743
15
1088
3760
4207
5576
7621
9747
1948
9044
3595
4920
7836
3748
837
3895
1943
2725
5889
9851
1320
6762
7652
1930
3362
8850
8526
3989
6332
4755
1329
6943
4473
867
6890
3436
8028
1928
3391
7970
1118
3084
2417
3876
3288
5283
9933
4967
6124
2192
8787
4993
5149
6641
2166
2105
174
6756
5266
9770
8899
351
6455
172
5769
8568
7350
8930
9820
2511
2220
5836
823
9677
2676
432
6941
1583
1253
5907
4631
6312
662
3459
3957
5032
595
9989
5416
1231
2089
261
867
3359
581
291
6522
9945
5017
8366
4122
7361
4147
6969
4936
7605
1666
6419
106
5756
9436
3787
8707
9166
1009
6448
6501
6551
2951
7660
851
6015
5974
9211
7671
974
1225
9528
3405
5438
5915
9506
5581
4121
6370
497
944
7955
992
1087
4138
3271
5486
3764
2536
8454
14
6284
2904
5248
384
6921
7568
8285
4220
5263
9150
3221
261
8471
9022
7061
9100
2630
7928
8045
1487
171
6237
222
6697
7751
8826
5342
3090
5842
7273
9037
1951
936
2645
4745
9764
1400
5114
517
7603
2455
9805
9576
9637
3824
2097
1402
7093
9103
1085
6066
9141
8209
9713
2302
5314
7741
4058
1591
1146
5464
430
8320
6926
6479
1740
1249
9285
5559
6415
2938
2262
1488
1992
4401
2113
5610
5974
3565
9799
2113
4657
7419
7591
7016
6701
5933
3637
89
7740
5027
1188
695
6878
8322
1333
2793
7022
9263
2391
4888
9318
8376
1484
3843
3513
4017
7425
3510
6241
3423
9783
3120
6444
3761
8669
9075
9103
1042
7459
3943
6431
3389
4587
1533
5098
1619
994
2977
5102
3920
3108
9152
5683
7390
5463
7296
1878
7470
7194
8861
590
841
88
7257
362
6752
8344
7298
6089
688
7107
7486
3605
6112
7712
2544
3650
8469
1165
2843
6229
2655
383
644
2482
6297
710
3545
4222
3604
4943
6005
1526
9010
4194
9060
3680
3562
997
6655
3979
9391
6746
9581
4695
4036
1129
7536
444
6839
7475
3344
4515
6750
808
7083
8421
9031
4930
1391
5575
3472
9296
6282
4882
8734
1745
7861
9287
5079
3148
8652
449
3596
4807
76
1449
431
7491
9807
9824
1237
8259
2512
1009
3677
8307
2587
1804
3204
509
2990
9767
7686
4708
9431
7861
4380
6305
738
5600
8375
2494
4831
6944
1128
1678
2746
4344
3666
1177
2494
3054
4586
3068
2996
5457
7747
3758
7944
7285
1374
7729
2512
5018
6150
9800
7781
2401
6971
3934
9782
344
5962
6530
7744
3009
2607
4527
1692
5726
6892
1587
6058
4490
365
3722
274
4778
8635
6273
9547
5424
1359
525
5819
2955
6613
643
4271
832
8140
7092
4495
9677
341
4984
4432
3512
8352
7664
2930
1768
3153
192
5927
4321
3755
7131
1829
6225
1826
3733
1386
2175
2127
6794
1676
8118
335
6032
1479
4490
6537
7716
1146
6283
7749
8268
1749
9321
3847
5982
2844
8044
7316
5494
6318
5646
796
8916
3280
3506
2193
7807
3949
3355
9168
9821
9261
2534
7649
9219
4310
368
6857
7612
7951
5959
801
1913
924
8497
4103
216
4445
4219
56
6467
6283
1432
5948
4684
7565
7190
4285
1980
5250
9582
7515
7337
505
1354
9255
2214
3130
471
421
9974
4583
1474
6995
8612
6454
9244
6067
56
593
4675
8200
6743
3433
7018
8097
3602
9590
8100
9726
5064
8021
1234
3863
3148
77
3777
975
589
4816
447
4708
3271
6638
390
4071
4112
6437
4745
4266
6767
7834
2095
2660
7639
4501
1161
5281
6418
5762
6383
4481
9049
5159
9388
2736
7481
2454
6110
8065
7567
9073
1885
3695
2036
9203
9018
411
2722
4273
6856
2733
3557
9987
617
438
4093
9726
7583
8640
7251
5077
8471
6649
9954
8617
1115
6521
9712
2676
4746
4870
9876
9634
4886
1641
7040
9608
1006
129
8947
5297
4326
8022
2956
182
9952
820
8221
7629
1754
2816
6801
8874
8615
9554
2642
5509
459
5460
7155
4276
547
6420
4118
7427
4748
7634
1217
6395
2818
4772
6475
7447
4953
1660
3809
5186
9820
2378
5471
3777
6584
1079
9261
8311
5110
7995
2772
7016
9084
3920
7562
7346
835
4681
7342
1131
9737
3525
8517
8170
9623
7505
8288
9538
3456
4824
9432
2869
6100
3060
5037
4769
6692
3312
1057
1615
9626
4262
8816
9642
1045
1168
5818
3023
5863
5907
8666
4307
271
4683
5947
643
5765
1159
3378
6204
1066
1896
1396
6746
8914
9345
5602
5888
7027
8713
636
1701
9448
7186
9389
4348
7394
8517
5528
6201
4153
3614
4822
8557
4296
6118
6007
2501
4107
3260
4745
7601
9628
9916
7726
4489
5960
706
8528
2002
822
9426
2021
6225
2538
8639
2250
2805
2156
8263
5382
8712
3711
9504
3275
825
9548
6443
8346
8639
5247
2302
1812
9520
4499
2911
5107
806
1809
9625
5962
6875
1623
5103
4762
1079
5378
9068
9553
8731
4752
232
2118
9909
5621
395
9238
6417
833
6222
205
9536
8342
4925
2558
250
8561
1378
6515
9517
3255
3352
1852
85
5051
1354
2831
5787
5236
2297
5161
6108
118
3924
9472
108
4097
4341
8565
4170
1733
6060
2480
9722
1793
9387
1027
9127
8868
2643
4105
3181
1928
8428
57
5803
5570
7394
4575
8092
1210
4468
3018
7737
829
8888
2279
6591
1398
9278
4748
859
2241
8470
823
3853
8324
5666
3502
608
28
9600
4390
2717
124
6825
4468
9564
2499
7484
6261
1982
3972
2362
4520
412
3657
1616
391
4377
5704
1907
6500
7560
7364
8915
367
467
2525
2528
2987
1338
1517
8942
1875
8258
7426
5776
5599
3844
4913
8305
8118
42
3430
7701
7944
5582
5417
9153
5497
75
2824
2380
2618
3414
3842
4840
8080
8141
5430
3336
7268
8995
3786
9074
9886
8222
6480
975
5715
1741
8505
6377
3102
8135
320
9578
8275
2559
6165
1058
3477
9100
8503
8607
5374
6244
2251
1610
9062
7018
1661
3745
966
8560
2350
3213
4905
583
5460
7403
4940
1244
2051
583
3780
9269
3180
3043
8582
8988
5134
2146
8058
794
1409
7041
289
3788
6641
8419
3837
2856
3895
603
2114
9225
8052
3850
4249
5070
21
7493
3090
8193
1997
7807
6029
7090
5269
6820
9442
8924
1920
174
6162
9188
7196
8460
5682
4273
6940
6830
62
8575
2981
1942
6642
6859
4291
6855
4074
1663
3497
1504
9811
8328
5671
506
5025
576
2743
6205
1798
1837
6194
1939
2711
6111
3678
2839
5324
7036
2906
1013
4244
3982
1650
9201
7967
5124
9730
981
3517
1103
7660
2645
4552
6332
767
7974
4644
3057
4067
4475
5848
5445
9735
5445
1997
5735
6055
6418
2703
9316
6976
2110
8168
2049
1609
6173
6522
7919
7609
9307
9284
7579
2861
9353
4644
4065
7022
6196
5941
5683
3925
2486
3931
3234
7297
4428
1996
6450
6495
9064
9418
3373
940
6738
9270
1475
5274
1280
4656
2688
1459
5075
6149
1682
4846
4624
6337
3500
2494
9670
3669
6993
4396
5749
9313
2002
8542
8159
7893
5644
8651
4713
8469
307
9737
6561
7106
9522
76
7987
489
1234
7330
5860
9342
7937
7713
2953
1983
7853
4535
1517
5669
9639
2752
7618
9913
6561
662
8375
7072
1076
142
4712
9033
7620
1981
9721
9255
1022
4127
737
5024
6557
2716
1407
7924
9477
9970
7512
3414
2988
378
3368
535
5466
6439
8220
4355
875
5711
5497
3057
1810
6409
6855
8858
1943
3789
6904
9724
1788
3682
8230
9853
1718
4884
4655
7323
5940
8797
8678
5706
4921
6224
6778
552
3636
6394
3843
1473
1232
847
7488
8753
5003
1558
1350
3323
3765
7584
3878
547
7606
5632
5085
3177
5838
401
2356
8938
377
6229
1607
1200
6659
7046
2422
8847
7482
2550
9973
902
8130
8949
3149
7036
3552
7242
9231
4496
9786
4320
2324
4378
471
4043
9692
3808
9909
884
6812
1537
7785
4321
865
4833
7049
3961
3324
1507
8228
1853
4719
5705
6086
5510
3757
4737
823
6500
3682
4694
5654
877
6483
3968
9626
5353
2496
9969
7030
6722
9205
8802
772
9496
6161
663
1995
9931
7572
1529
4014
8727
5869
9073
7748
1605
7714
6303
545
7916
2385
7353
3690
4436
7859
2701
2073
1035
4664
2391
4466
3291
7300
3552
3470
1561
3800
8761
5480
346
3582
6369
9315
4417
2869
8271
9577
9049
1189
8300
6591
3919
1157
6718
1227
5805
148
2745
844
7127
192
3152
2215
9723
4355
2412
491
3180
6882
1287
1337
1173
8120
1053
6632
3383
8488
3083
4244
3165
4472
1089
5366
7787
8058
3801
3800
4749
1095
6892
2973
7136
864
1236
6440
2107
5468
446
4603
2136
7282
7102
3192
2096
4070
7599
9390
4024
7398
8741
9584
4086
3170
3012
935
2920
3781
2142
3878
89
1991
816
5013
1197
3925
3143
9589
1487
9769
2979
2059
2395
5416
620
5679
1928
5703
5724
7228
6281
3206
274
9149
920
3143
2824
4205
1885
5285
2582
4172
7848
8921
2039
9507
5806
6550
6595
9242
9244
7098
7576
7803
4294
6063
7176
4717
3239
6234
8526
2510
4685
7984
6260
3117
4622
3461
1682
1093
5832
6648
7356
7000
1479
6002
4532
8320
9006
9000
631
6222
6806
4279
4495
7144
1200
8285
3184
1722
7995
3581
3640
1392
2946
7147
4890
518
75
6720
440
6134
8982
7515
3266
4802
3711
1099
5525
8675
7399
6498
8298
3631
7613
5583
361
4908
7983
2303
881
6351
6557
2300
8721
6118
2441
2447
9826
2219
219
7113
2075
9253
3615
8363
7242
5944
705
5290
6122
1840
5012
4948
1604
3323
8083
6403
807
3316
8651
3424
4718
7032
4485
5043
3599
639
9647
576
2384
9181
9641
2038
8943
8928
1172
8157
1589
3548
3049
809
2905
5937
2770
1122
2116
2080
9450
4327
3945
4893
7574
9147
4175
302
7158
7647
7306
3871
3788
7507
1763
2816
6526
7512
9198
5924
5635
1402
3789
9987
2885
8236
5415
6972
8222
3415
965
6459
8688
3571
5892
285
7294
2810
3207
1082
4717
151
4920
2452
2255
991
8986
1982
942
7517
7207
271
9393
5661
5300
2929
985
8867
5983
648
7818
9412
8335
7837
6845
7427
6766
8075
2480
2062
5441
7477
4847
8065
3780
4881
3284
6861
213
7410
94
4229
2180
6300
1707
7868
2354
4997
267
881
3101
6384
5926
5830
6982
9194
3409
7182
6977
1447
8989
2106
6181
4028
3051
9691
7514
6745
7663
5595
3198
7245
5849
447
1547
5840
2813
5865
1537
9952
1982
4146
6831
8879
6308
6504
286
2175
307
9074
6018
6919
1386
8868
805
5684
1037
9280
6510
3810
7397
3394
8116
455
1665
1132
7163
134
1128
7879
2576
6863
1496
5040
2784
2453
274
2518
5769
9492
7425
451
9305
5872
4761
285
4259
7354
6402
3568
1584
2717
5221
8343
6330
4118
9956
640
4600
953
1518
9817
5850
1714
1030
4949
8486
1547
1046
7485
9945
424
6642
1608
9699
3812
2033
9135
7932
3396
8871
1641
2168
7839
4212
598
4521
5929
1035
7725
1309
1083
3589
9603
254
4177
7006
3354
8269
5074
2547
858
221
9607
6715
3751
7553
1551
8615
1523
6914
935
9432
5941
2092
5723
6029
883
8708
8576
9425
7109
5926
5635
6803
8140
9807
6795
774
7545
6487
1328
5393
298
2671
1597
9787
4787
4791
1506
6538
9916
6333
9673
7224
4559
2883
2926
9033
4968
3389
8869
1316
4962
7302
598
979
7053
6939
6924
8821
4250
5927
6194
6706
675
4963
9943
4313
6680
6115
6787
5792
6597
1999
2121
9504
1933
1929
4956
2411
8604
4905
2293
866
8805
9873
9146
9719
7383
4397
4003
4282
3565
1956
2104
1573
9841
2205
9067
5802
6628
3120
9283
25
2551
4709
8957
668
6578
5747
6760
6645
28
6603
7179
149
6168
1943
4016
4096
7285
4266
6922
800
3843
4347
1391
8478
3114
8489
2943
7584
1212
9177
5592
7146
6776
5523
7431
9222
3626
8975
2703
902
3908
4741
3305
1680
1714
7577
9450
925
3236
5188
4172
738
2940
3197
5375
2379
1318
1695
9155
3561
1735
8436
6119
1299
1752
5899
7882
2660
1749
1164
5405
2306
8684
9960
1037
4116
2517
7797
1682
4848
1362
1371
1499
6961
237
676
4517
2830
2215
9701
5510
2554
3324
7388
3470
915
7739
9014
2079
2352
746
7375
7079
9
1671
7202
4664
8202
333
9854
2985
9801
720
8961
3603
9060
3713
8417
1128
7224
9055
2351
3989
4481
1697
8989
6870
7835
4147
4941
8779
1344
8863
4820
7247
8262
701
210
8557
2288
8737
6188
7917
8728
7380
6783
8947
665
1294
9369
9267
4626
3817
7281
9019
6673
6291
6266
8084
4677
5363
7801
7894
8199
1916
1028
5367
6715
4101
2101
3770
8201
5040
5881
2456
5737
8965
6621
3061
9963
1279
3849
4833
4012
819
5728
870
8999
6728
9876
7714
9586
6372
7990
949
5194
5900
4743
4939
1459
804
4148
1967
5510
7465
6061
4724
1273
3343
8341
5143
713
5237
9510
3951
1701
1509
5117
9285
5418
5865
3182
1754
9018
7701
7255
8203
1382
2133
5348
8154
6388
8322
1839
939
953
3823
6493
4255
1380
7579
7286
4621
1861
5583
2539
3627
7410
2423
7804
8458
9837
6442
1018
864
7250
5251
1742
4858
3121
571
1806
976
7671
1927
166
7490
7511
4255
2428
458
4988
8963
8003
9636
6543
3877
5074
7409
2865
316
8547
5074
7816
8191
5760
2897
8353
4641
4855
1460
7417
2477
33
6120
5679
8696
3989
6188
4458
3559
2006
764
4750
3556
2138
8266
4327
1955
6844
2224
7376
6413
2577
1879
5071
5898
6841
2251
3130
6999
4149
834
7120
262
8100
5803
9013
3690
170
4762
7592
6320
8834
5216
8723
2510
158
3036
8212
404
7126
5441
7625
9173
8440
2657
2768
2637
1167
4835
8155
8748
4620
1025
5643
7936
1766
2780
5060
1428
3855
1205
2784
8544
3026
3148
7650
5373
1666
3357
8625
5416
399
4631
3307
8888
8261
326
6137
5272
4729
6107
8664
3090
5067
878
542
6391
4769
6976
6884
2522
4283
651
3926
357
7919
7765
159
3558
2507
607
531
9376
4403
1459
9328
5354
8382
948
7615
7508
327
6946
3806
5583
4231
9183
1043
3664
9562
4076
1707
9593
514
1306
524
8581
9239
8572
1376
8399
5257
8418
1989
4383
3590
8731
8234
2486
1751
8143
3849
9284
7718
5005
3476
1714
3121
8767
7572
3491
4954
9018
9346
2364
9910
9954
5640
4172
5405
1802
9308
5470
7539
899
2162
9739
5310
3773
5571
2010
9255
4704
7322
2718
6662
8395
4992
7436
6120
7263
7616
467
2690
8855
472
1761
6970
2823
5384
165
1680
4542
2373
4792
4090
9514
1484
8029
5932
9062
1153
8718
5762
5995
9138
6977
782
1295
2707
7311
8449
3247
9654
6838
8832
8247
4981
9121
4715
2613
2694
4652
1261
7132
3477
4393
5129
8984
7904
4492
8453
7104
8808
8157
6407
3675
9891
7575
4650
5850
1312
9119
9767
9923
3631
8134
5314
2130
3771
9697
4791
394
7526
2793
6242
849
4989
654
1193
9621
2397
1425
4171
2428
2081
9797
6955
3821
5813
2799
3257
8073
9185
8659
5874
3597
9635
4046
170
8231
4884
413
8694
7881
2166
312
7599
9860
1634
4186
9427
8985
5732
5952
8816
2216
3205
9978
9757
4371
3875
7898
2776
1370
2011
3674
2215
7527
3245
3363
205
1957
6026
747
7738
3043
4191
2163
3863
4264
5723
4507
2829
2923
5697
9423
7245
72
2463
8487
8457
922
4218
8068
4232
8979
357
151
9770
1007
5285
5734
3446
7160
7998
8996
4019
428
3587
8201
7751
8101
5086
1707
146
9476
2310
9221
9962
3761
6380
9868
9425
4159
9092
3811
5083
2285
5208
8074
3709
360
3159
2958
2250
9720
8428
7473
6810
7677
7971
4708
7681
6227
3614
2757
5539
7864
2674
6814
1267
6368
2405
1375
3513
7505
6771
129
8419
6675
3100
3627
5081
1679
8352
4925
5960
1562
7450
4481
7417
9583
6389
4867
6965
3147
1719
1086
4353
1387
9758
8586
9299
3829
3156
51
7389
9486
6834
2378
5440
8674
3489
7588
8201
5513
1194
2195
8797
3859
4105
8770
8275
651
5844
430
2627
3303
3697
1847
211
3163
9658
1903
5880
6284
6545
927
6797
299
4844
3145
6488
774
1970
7360
1418
8346
5743
5050
4578
1938
7756
5568
3814
1334
9454
4758
3644
709
9109
8271
8836
4788
7595
3584
2661
8309
7990
1787
182
3661
1073
9181
446
351
7464
1385
8771
9451
1424
2291
1961
5945
2097
5194
9160
938
6962
9208
8697
3169
1935
5508
1192
4788
5279
6209
8276
539
4530
7430
1553
6631
9873
2811
6715
7922
3641
1242
8918
7599
1770
4039
7054
5308
3797
8708
7064
5827
1840
6287
9560
9399
3539
9318
9201
6662
697
5363
2519
9620
3595
2423
3143
1695
2453
8420
7057
8952
5698
8916
7996
6792
2198
9586
5608
8258
7192
373
9712
819
727
1115
8395
464
1539
8375
1030
3382
7776
1369
4925
3212
5844
7417
5181
6956
2673
1206
5742
505
2767
5672
5266
5459
9048
6008
7579
5698
2123
7738
4249
5738
2308
780
9483
5792
606
486
1183
1671
3673
5147
8677
6354
9878
3959
1927
8479
6627
6967
7792
5117
5240
2227
7165
1001
885
8289
208
6228
7874
722
1620
2504
